        716
        880
        231
        601
       1206
        792
         63
       1926
        798
         78
         48
        114
        103
       1343
        108
         42
         47
        177
        106
        149
        111
        105
        159
        102
        236
         81
         97
        199
       1090
        135
        232
        752
         84
        703
        419
        583
        214
         79
        356
         84
        555
        395
       1908
        460
        126
       2743
       3062
        131
         46
         61
       2839
       2191
        716
        311
         76
        182
       1571
        224
        326
        141
       2900
        480
        556
        630
        229
       1800
        101
        243
        106
        206
       2410
       1189
         93
         84
        404
        172
        141
        361
         61
        578
       2621
       1539
        240
        226
        807
         70
         91
       1314
        215
       3536
        831
        771
        440
        211
        399
       1448
        257
        178
         75
        667
        119
         76
        201
         54
        168
         45
        335
        124
       1321
        154
         73
       2521
         90
       1552
        124
        100
         76
         79
         64
        310
        795
        857
         62
       2961
         85
        158
         92
        676
        456
        705
        224
        135
         44
        469
        224
         62
        109
        179
        207
        174
       2575
         87
        237
        222
        139
        204
        395
        160
        151
         75
        172
         51
        129
        226
        184
        243
        917
         80
        487
         62
         52
       1801
       3100
         89
       2019
        141
        101
         80
        209
        126
        832
        998
        786
         83
        112
       1285
        551
        211
        131
        117
         84
        694
        838
        110
         76
         96
       1129
        531
        720
        188
        832
         95
        109
        254
         97
        104
        183
       1328
         87
        231
         87
        471
         46
        185
        294
        431
        272
       1472
        151
        471
        148
       1794
        327
         86
        516
        439
        481
        759
        243
         99
       1957
        819
        117
         64
        666
        637
         86
         55
        201
        506
        105
       1973
        608
        241
        338
        190
         49
        325
        204
        947
        120
        742
        350
         99
        111
        698
        886
         93
         53
        259
         58
        202
        786
        162
        107
        168
        183
        311
        426
        939
         44
        575
        772
        624
        121
        980
        121
         81
        313
        185
        140
         80
        305
        835
        148
        108
       2047
        587
        468
        582
        444
         53
        407
        573
        213
        121
         49
        144
        369
         70
        103
        480
       3736
        884
        170
        400
        112
        188
        503
       1749
        235
         78
         96
        326
        491
        396
       1612
         78
        495
         87
        157
        174
         91
        224
        243
       1058
       3026
        120
       2891
        957
       1848
        230
        493
        122
        372
        343
         63
        958
        926
        145
         95
        378
         78
         58
        122
        113
        573
         79
        169
        196
        213
        246
        427
         72
       1405
         78
        559
        374
         62
       2720
       1679
        701
         57
        321
        461
        107
        111
        499
        445
        361
       1628
       1142
        114
       1369
        646
        197
       1127
        251
        343
       3671
         75
        100
        500
        104
        210
        310
        497
        310
        354
        502
         94
        146
        148
        389
        161
        113
         74
        156
        240
        303
        134
        192
         53
       1357
         85
         86
        164
         83
        233
        232
        203
        122
        278
       1747
        186
        781
        261
         43
        267
         59
         66
        308
        223
        205
        132
        148
        535
         68
        115
        222
         80
         49
        624
        464
        192
         64
         72
        101
         57
        153
        130
        117
         79
        411
        482
        115
        357
       1798
        502
         92
        289
        172
        974
        113
         88
        185
        132
        922
       3841
        765
        216
        639
         85
        819
         77
        122
        133
         49
       2466
        378
         92
        441
        187
        182
       1356
        292
        608
        587
        446
        958
        364
       1095
       1554
       1684
        517
        937
        725
        182
        961
        150
        363
         50
        899
        118
        244
       1822
        810
         92
       1722
        407
        105
        162
         97
        184
        579
        339
        861
        107
        222
        443
        197
        247
        556
         95
        405
        421
        361
         46
        126
         79
        217
         58
        389
        101
        437
        167
        129
        120
       3773
        415
        969
        817
        178
        192
        220
        695
        202
         91
        362
        161
        279
       2588
        207
         53
        893
        286
        122
        541
        171
        953
       1013
        543
        373
         70
         55
        103
        103
         54
        388
         85
         75
        296
         42
        259
        125
        316
        108
         86
        531
        116
        690
        277
        267
        364
        913
        480
         51
        902
        114
        191
        138
        129
       1428
       1617
        145
        884
        694
        113
        325
        297
        748
        113
        348
        229
       2713
         69
         66
         83
         95
        192
        179
       1957
        135
        134
        391
       1308
        169
        814
        278
        178
        229
       1419
         80
        761
       1291
        176
       1254
        610
        210
        424
         84
        877
         42
        100
        114
         57
         93
         46
        758
        948
        972
        227
         54
        131
        431
       1341
        111
        171
        356
         74
        766
         52
        214
        172
         83
         94
        879
        709
        107
         59
        126
       1140
        364
        499
       2437
       1856
        857
        172
       1587
        481
        494
         91
        361
         48
         44
        162
       1958
        101
        785
       1621
        403
        619
       1062
         44
        123
        431
         89
        150
         51
        812
        283
        811
        373
        253
        258
        551
        802
        530
         77
        269
        119
        235
        579
        290
         74
        129
        101
         76
        238
       1026
        316
         91
         47
        192
        180
        215
        318
       1570
        115
        741
        439
         92
        233
        997
       3753
        313
        987
        387
         99
         99
        162
        456
        109
       1039
       1156
         88
        883
        411
         90
        278
        168
        119
       2231
         52
        317
        105
       2281
         53
        713
        307
        124
        439
        216
       2776
       1865
        124
        685
        116
         50
       2995
        330
         56
        121
         74
        116
        369
         86
        107
        451
        325
        114
        291
        290
        364
       1135
        590
        659
        279
         45
       1045
        111
        227
         58
        272
        788
         99
         56
        223
        464
        199
         74
        960
        190
       1357
        873
        446
       1606
        127
        287
        628
        851
         79
        312
        234
         67
        301
        943
        395
        465
         77
        116
        223
         87
        160
        451
        212
        227
        134
         59
        437
        102
        116
       2864
        270
       1962
         96
        463
         81
        208
         62
         66
       1090
        154
        367
         87
        113
        189
       2326
         70
        173
         93
         60
        124
        374
       2162
        442
        572
        168
        498
        252
        104
        103
        192
       1268
        117
        237
        482
       2757
        318
        112
        239
         86
        143
        161
        484
        588
         65
        106
       2434
        204
        785
       1453
        102
         62
        308
        979
         93
        124
        884
        193
       1279
        107
        249
        738
        231
       1875
        382
        475
        105
         82
       1883
       1519
        266
        283
        344
         98
        123
        494
        305
        839
        999
         73
          0